1440
1220
1080
1050
1010
990
940
940
900
860
840
800
790
790
790
790
790
760
740
730
690
670
650
640
640
640
640
600
590
580
580
580
570
570
570
560
560
550
540
540
540
540
540
540
530
520
510
510
500
500
490
490
490
490
480
480
480
480
480
470
470
470
450
450
440
440
440
440
440
440
440
430
430
430
420
420
420
410
410
410
400
400
400
390
390
390
390
390
390
390
390
390
390
390
380
380
380
380
370
370
370
370
370
360
360
360
360
360
360
360
360
360
360
360
360
350
350
350
350
350
350
350
350
350
350
350
350
350
350
350
340
340
340
340
340
340
340
340
340
330
330
330
330
330
330
330
330
330
330
330
330
330
330
320
320
320
320
320
320
320
320
320
320
320
320
320
320
310
310
310
310
310
310
310
310
310
310
300
300
300
300
300
300
300
300
300
300
290
290
290
290
290
290
280
280
280
270
270
270
260
260
260
260
260
260
260
250
250
250
250
250
250
250
250
250
240
240
240
230
230
230
230
230
230
230
230
220
220
220
220
220
220
210
210
210
210
210
210
210
210
210
210
210
210
210
210
210
210
210
210
210
200
200
200
200
200
200
200
200
200
200
190
190
190
190
190
190
180
180
180
180
180
180
180
180
180
180
180
170
170
170
170
170
170
170
170
170
170
170
170
170
170
170
170
170
170
170
170
170
170
170
170
170
170
170
170
170
170
170
170
170
170
170
170
170
170
170
170
170
170
170
160
150
150
150
150
150
150
140
140
140
140
140
140
140
140
140
140
140
140
140
140
140
140
140
130
130
130
130
130
130
130
130
130
130
120
120
120
120
120
120
120
120
120
120
120
120
120
120
120
120
110
110
110
110
110
110
110
110
110
110
110
110
110
110
110
110
110
110
110
110
110
110
110
110
110
110
110
110
110
110
110
110
110
110
110
110
110
110
110
110
110
110
110
110
110
110
110
110
110
110
110
110
110
110
110
110
110
110
110
110
110
110
110
110
110
110
110
110
110
110
110
110
110
110
110
110
110
100
100
100
100
100
100
100
90
80
60
50
0
0
0
0
0
0
0
